Rodada 1:  100    0    0    0    0    0    0    0    0
Rodada 2:   90    0    0    0    0    0  100    0    0
Rodada 3:   70    0    0    0    0  100   80    0    0
Rodada 4:   60    0    0    0  100   90   70    0  100
Rodada 5:   50    0    0    0   90   80   60  100   90
Rodada 6:    0  100    0  100  190   10  160   30   20
Rodada 7:  100    0  200    0  290    0  260  130    0
Rodada 8:  100    0  200    0  290    0  260  130    0
Rodada 9:  100    0  200    0  290    0  260  130    0
Rodada10:  100    0  200    0  290    0  260  130    0
Rodada11:   90    0  190    0  280    0  250  120  100
Rodada12:   90    0  190    0  280    0  250  120  100
Rodada13:   80    0  180    0  270  100  240  110   90
Rodada14:   70  100  170    0  260   90  230  210   80
Rodada15:   60  200  160    0  250   80  220  200   70
Rodada16:   60  200  160    0  250   80  220  200   70
Rodada17:   60  200  160    0  250   80  220  200   70
Rodada18:   60  200  160    0  250   80  220  200   70
Rodada19:   60  200  160    0  250   80  220  200   70
Rodada 20:   60  200  160    0  250   80  220  200   70
Rodada 21:  160  140  100    0  190   20  320  140   10
Rodada 22:  260    0    0    0    0    0  120    0    0
Rodada 23:  260    0    0    0    0    0  120    0    0
Rodada 24:  260    0    0    0    0    0  120    0    0
Rodada 25:  360  100  100  100  100    0    0    0    0
Rodada 26:  350   90  200   90   90    0    0    0    0
Rodada 27:  350   90  200   90   90    0    0    0    0
Rodada 28:  450   80  190   80   80    0    0    0    0
Rodada 29:  440   70  290   70   70    0    0    0    0
Rodada 30:  430   60  280  170   60    0    0    0    0
Rodada 31:  420   50  270  160  160    0    0    0  100
Rodada 32:  420   50  270  160  160    0    0    0  100
Rodada 33:  420   50  270  160  160    0    0    0  100
Rodada 34:  410   40  260  150  260    0    0  100  200
Rodada 35:  510   30  250  140  250    0    0   90  190
Rodada 36:  500  130  240  130  240    0  100   80  180
Rodada 37:  500  130  240  130  240    0  100   80  180
Rodada 38:  470  230  210  100  440    0   70   50  150
Rodada 39:  460  220  200   90  430    0   60   40  250
Rodada 40:  460  220  200   90  430    0   60   40  250
Rodada 41:  460  220  200   90  430    0   60   40  250
Rodada 42:  460  220  200   90  430    0   60   40  250
Rodada 43:  110    0  300  190  630  100  160    0    0
Rodada 44:  100    0  400  180  620   90  150    0    0
Rodada 45:   90    0  390  170  610   80  250    0    0
Rodada 46:   50    0  350  130  710   40  350    0    0
Rodada 47:    0  100  280  230  640    0  280    0    0
Rodada 48:    0   90  270  330  630    0  270  100    0
Rodada 49:    0   90  270  330  630    0  270  100    0
Rodada 50:    0   80  260  320  730    0  370  200    0
Rodada 51:    0   80  260  320  730    0  370  200    0
Rodada 52:    0   70  250  420  720    0  360  190    0
Rodada 53:    0   70  250  420  720    0  360  190    0
Rodada 54:    0  170  220  390  690    0  330  160    0
Rodada 55:    0  170  220  390  690    0  330  160    0
Rodada 56:    0  170  220  390  690    0  330  160    0
Rodada 57:    0  160  210  380  790    0  320  150    0
Rodada 58:    0  160  210  380  790    0  320  150    0
Rodada 59:    0  160  210  380  790    0  320  150    0
Rodada 60:    0  160  210  380  790    0  320  150    0
Rodada 61:    0  260  310    0  890    0  420    0  100
Rodada 62:    0  260  310    0  890    0  420    0  100
Rodada 63:    0  260  310    0  890    0  420    0  100
Rodada 64:    0  260  310    0  890    0  420    0  100
Rodada 65:  100  250  300    0  880    0  410  100   90
Rodada 66:  100  250  300    0  880    0  410  100   90
Rodada 67:  300    0  400    0  980  100  510    0    0
Rodada 68:  290    0  390    0  970  200  500    0    0
Rodada 69:  280    0  380    0  960  190  490  100    0
Rodada 70:  230    0  330  100 1060  140  440   50    0
Rodada 71:  430    0  430  200    0  240    0  150  100
Rodada 72:  430    0  430  200    0  240    0  150  100
Rodada 73:  430    0  430  200    0  240    0  150  100
Rodada 74:  420    0  420  190    0  230  100  140   90
Rodada 75:  420    0  420  190    0  230  100  140   90
Rodada 76:  420    0  420  190    0  230  100  140   90
Rodada 77:  410    0  410  180    0  220   90  130  190
Rodada 78:  410    0  410  180    0  220   90  130  190
Rodada 79:  400  100  400  170    0  210   80  120  180
Rodada 80:  500   90  390  160    0  200   70  110  170
Rodada 81:  600  190    0    0    0    0  170    0  270
Rodada 82:  590  180    0    0  100    0  160    0  260
Rodada 83:  690  280  100  100    0    0  360  100  360
Rodada 84:  680  270  200   90    0    0  350   90  350
Rodada 85:  680  270  200   90    0    0  350   90  350
Rodada 86:  670  260  190   80    0    0  450   80  340
Rodada 87:  670  260  190   80    0    0  450   80  340
Rodada 88:  670  260  190   80    0    0  450   80  340
Rodada 89:  770  250  180   70    0    0  440   70  330
Rodada 90:  760  240  170   60    0    0  540   60  320
Rodada 91:  760  240  170   60    0    0  540   60  320
Rodada 92:  760  240  170   60    0    0  540   60  320
Rodada 93:  760  240  170   60    0    0  540   60  320
Rodada 94:  760  240  170   60    0    0  540   60  320
Rodada 95:  750  340  270  160    0    0  530   50  310
Rodada 96:  750  340  270  160    0    0  530   50  310
Rodada 97:  750  340  270  160    0    0  530   50  310
Rodada 98:  750  340  270  160    0    0  530   50  310
Rodada 99:  850  330  260  150    0    0  520   40  300
Rodada 100:  850  330  260  150    0    0  520   40  300
Rodada 101:  850  330  260  150    0    0  520   40  300
Rodada 102:  840  320  250  140    0    0  620   30  290
Rodada 103:  840  320  250  140    0    0  620   30  290
Rodada 104:  840  320  250  140    0    0  620   30  290
Rodada 105:  840  320  250  140    0    0  620   30  290
Rodada 106:  940  310  240  130    0    0  610   20  280
Rodada 107:  930  300  340  120    0    0  600   10  270
Rodada 108:  930  300  340  120    0    0  600   10  270
Rodada 109:  930  300  340  120    0    0  600   10  270
Rodada 110:  930  300  340  120    0    0  600   10  270
Rodada 111:  930  300  340  120    0    0  600   10  270
Rodada 112:  930  300  340  120    0    0  600   10  270
Rodada 113: 1030  290  330  110    0    0  590    0  260
Rodada 114: 1020  280  320  100    0  100  580    0  250
Rodada 115: 1020  280  320  100    0  100  580    0  250
Rodada 116: 1120  380  150    0    0    0  410    0   80
Rodada 117: 1120  380  150    0    0    0  410    0   80
Rodada 118: 1110  370  250    0    0    0  400    0   70
Rodada 119: 1110  370  250    0    0    0  400    0   70
Rodada 120: 1110  370  250    0    0    0  400    0   70
Rodada 121: 1110  370  250    0    0    0  400    0   70
Rodada 122: 1100  360  350    0    0    0  390    0   60
Rodada 123: 1100  360  350    0    0    0  390    0   60
Rodada 124: 1100  360  350    0    0    0  390    0   60
Rodada 125: 1090  350  340    0  100    0  490    0   50
Rodada 126: 1090  350  340    0  100    0  490    0   50
Rodada 127:  980  450  230    0    0    0  380    0    0
Rodada 128:  980  450  230    0    0    0  380    0    0
Rodada 129:  980  450  230    0    0    0  380    0    0
Rodada 130:  980  450  230    0    0    0  380    0    0
Rodada 131:  980  450  230    0    0    0  380    0    0
Rodada 132:  980  450  230    0    0    0  380    0    0
Rodada 133: 1080  440  220  100    0    0  370    0    0
Rodada 134: 1070  430  320   90    0    0  360    0    0
Rodada 135: 1060  420  310   80    0    0  350    0  100
Rodada 136: 1060  420  310   80    0    0  350    0  100
Rodada 137: 1050  410  300  180    0    0  340    0   90
Rodada 138: 1050  410  300  180    0    0  340    0   90
Rodada 139: 1050  410  300  180    0    0  340    0   90
Rodada 140: 1050  410  300  180    0    0  340    0   90
Rodada 141: 1050  410  300  180    0    0  340    0   90
Rodada 142: 1050  410  300  180    0    0  340    0   90
Rodada 143: 1040  400  290  170    0    0  440    0   80
Rodada 144: 1040  400  290  170    0    0  440    0   80
Rodada 145: 1030  390  280  160  100    0  430    0   70
Rodada 146: 1020  380  270  150   90    0  530    0   60
Rodada 147: 1020  380  270  150   90    0  530    0   60
Rodada 148:    0    0  370  250  290    0  730    0  160
Rodada 149:    0    0  370  250  290    0  730    0  160
